8296 922 0.11113789778206365
3895 433 0.11116816431322207
2548 283 0.11106750392464679
1311 1311 1.0
576 64 0.1111111111111111
2044 227 0.11105675146771037
8544 949 0.11107209737827715
618 5562 9.0
650 5850 9.0
644 72 0.11180124223602485
2549 2550 1.0003923107100823
1549 1549 1.0
76 682 8.973684210526315
138 1244 9.014492753623188
975 8780 9.005128205128205
1728 192 0.1111111111111111
307 34 0.11074918566775244
1589 176 0.11076148521082442
975 8772 8.996923076923077
3645 3644 0.9997256515775035
2873 2874 1.0003480682213715
2399 2399 1.0
2801 2801 1.0
3396 377 0.11101295641931684
2216 2216 1.0
512 4606 8.99609375
4813 4814 1.0002077706212342
885 7960 8.994350282485875
700 6296 8.994285714285715
3667 408 0.11126261248977366
2326 2326 1.0
404 3635 8.997524752475247
441 3974 9.011337868480725
511 4601 9.003913894324853
4891 543 0.11102024125945614
3990 3990 1.0
4532 504 0.11120917917034422
652 5864 8.993865030674847
7940 882 0.1110831234256927
132 1185 8.977272727272727
7763 863 0.11116836274636094
5653 628 0.11109145586414293
6647 738 0.11102753121709041
2683 2683 1.0
137 1234 9.007299270072993
636 71 0.11163522012578617
2436 2436 1.0
8770 974 0.11106043329532497
4565 4565 1.0
950 106 0.11157894736842106
5600 622 0.11107142857142857
263 2372 9.019011406844106
1473 1472 0.9993211133740665
192 1727 8.994791666666666
247 27 0.10931174089068826
496 4463 8.997983870967742
1846 205 0.11105092091007585
441 441 1.0
734 6605 8.998637602179837
7188 799 0.11115748469671675
5955 662 0.11116708648194794
786 7076 9.002544529262087
2972 2972 1.0
489 4400 8.997955010224949
453 4073 8.991169977924946
991 8918 8.99899091826438
2345 260 0.11087420042643924
3443 3444 1.0002904443799012
3643 3643 1.0
945 8507 9.002116402116402
4914 4914 1.0
388 3496 9.010309278350515
4225 4225 1.0
4739 4739 1.0
1652 184 0.11138014527845036
569 5126 9.00878734622144
3699 411 0.1111111111111111
747 6725 9.002677376171352
1234 137 0.11102106969205834
7608 845 0.11106729758149317
819 7371 9.0
3973 3972 0.9997483010319658
416 3746 9.004807692307692
1423 1423 1.0
608 5475 9.004934210526315
524 524 1.0
178 178 1.0
3086 3086 1.0
1075 1075 1.0
4849 539 0.11115693957517014
1707 190 0.11130638547158758
693 6233 8.994227994227995
310 310 1.0
4134 459 0.11103047895500726
4757 4757 1.0
1435 1435 1.0
3383 3383 1.0
894 8047 9.001118568232663
919 8275 9.004352557127312
394 44 0.1116751269035533
