139 140 1.0071942446043165
35 312 8.914285714285715
34 302 8.882352941176471
157 158 1.0063694267515924
91 91 1.0
165 18 0.10909090909090909
301 33 0.10963455149501661
32 285 8.90625
16 143 8.9375
267 30 0.11235955056179775
23 204 8.869565217391305
30 274 9.133333333333333
20 182 9.1
30 269 8.966666666666667
119 118 0.9915966386554622
22 202 9.181818181818182
133 134 1.0075187969924813
129 128 0.9922480620155039
180 20 0.1111111111111111
28 250 8.928571428571429
25 225 9.0
122 122 1.0
107 107 1.0
17 149 8.764705882352942
149 17 0.11409395973154363
21 184 8.761904761904763
168 19 0.1130952380952381
34 306 9.0
99 100 1.0101010101010102
207 23 0.1111111111111111
35 313 8.942857142857143
95 94 0.9894736842105263
33 295 8.93939393939394
137 138 1.0072992700729928
172 19 0.11046511627906977
24 212 8.833333333333334
19 170 8.947368421052632
178 20 0.11235955056179775
211 24 0.11374407582938388
125 125 1.0
26 237 9.115384615384615
30 272 9.066666666666666
183 20 0.1092896174863388
31 281 9.064516129032258
210 23 0.10952380952380952
169 168 0.9940828402366864
141 142 1.0070921985815602
101 100 0.9900990099009901
25 226 9.04
35 315 9.0
20 176 8.8
139 16 0.11510791366906475
159 158 0.9937106918238994
312 35 0.11217948717948718
139 138 0.9928057553956835
141 142 1.0070921985815602
148 16 0.10810810810810811
19 167 8.789473684210526
159 158 0.9937106918238994
16 143 8.9375
24 219 9.125
111 110 0.990990990990991
183 20 0.1092896174863388
127 127 1.0
309 34 0.11003236245954692
33 297 9.0
18 159 8.833333333333334
131 132 1.0076335877862594
204 23 0.11274509803921569
31 278 8.96774193548387
141 140 0.9929078014184397
27 240 8.88888888888889
293 32 0.10921501706484642
29 266 9.172413793103448
20 176 8.8
296 33 0.11148648648648649
19 168 8.842105263157896
24 214 8.916666666666666
16 146 9.125
130 130 1.0
150 17 0.11333333333333333
33 296 8.969696969696969
217 24 0.11059907834101383
221 25 0.11312217194570136
34 309 9.088235294117647
159 160 1.0062893081761006
197 22 0.1116751269035533
270 30 0.1111111111111111
28 252 9.0
104 104 1.0
211 23 0.10900473933649289
18 164 9.11111111111111
94 94 1.0
155 17 0.10967741935483871
122 122 1.0
24 217 9.041666666666666
77 77 1.0
29 265 9.137931034482758
133 134 1.0075187969924813
313 35 0.11182108626198083
