103 12 0.11650485436893204
53 52 0.9811320754716981
4 32 8.0
11 99 9.0
31 32 1.032258064516129
12 109 9.083333333333334
43 42 0.9767441860465116
6 53 8.833333333333334
89 10 0.11235955056179775
59 59 1.0
74 8 0.10810810810810811
75 8 0.10666666666666667
9 9 1.0
49 5 0.10204081632653061
19 168 8.842105263157896
53 54 1.0188679245283019
3 24 8.0
18 18 1.0
14 130 9.285714285714286
94 94 1.0
17 149 8.764705882352942
16 144 9.0
29 3 0.10344827586206896
49 5 0.10204081632653061
1 14 14.0
99 99 1.0
44 5 0.11363636363636363
19 20 1.0526315789473684
27 3 0.1111111111111111
8 76 9.5
15 132 8.8
18 163 9.055555555555555
18 18 1.0
68 8 0.11764705882352941
114 13 0.11403508771929824
59 6 0.1016949152542373
62 62 1.0
61 61 1.0
19 168 8.842105263157896
18 160 8.88888888888889
37 38 1.027027027027027
18 161 8.944444444444445
17 17 1.0
13 118 9.076923076923077
47 5 0.10638297872340426
13 1 0.07692307692307693
10 1 0.1
105 12 0.11428571428571428
74 74 1.0
120 13 0.10833333333333334
9 1 0.1111111111111111
57 58 1.0175438596491229
78 9 0.11538461538461539
73 74 1.0136986301369864
14 123 8.785714285714286
16 145 9.0625
149 17 0.11409395973154363
14 123 8.785714285714286
97 98 1.0103092783505154
56 6 0.10714285714285714
17 151 8.882352941176471
11 10 0.9090909090909091
93 94 1.010752688172043
179 20 0.11173184357541899
23 23 1.0
13 113 8.692307692307692
9 80 8.88888888888889
17 150 8.823529411764707
3 31 10.333333333333334
122 14 0.11475409836065574
118 13 0.11016949152542373
4 33 8.25
52 6 0.11538461538461539
55 54 0.9818181818181818
18 164 9.11111111111111
4 34 8.5
13 120 9.23076923076923
9 10 1.1111111111111112
16 147 9.1875
2 18 9.0
8 69 8.625
53 52 0.9811320754716981
177 20 0.11299435028248588
12 108 9.0
10 90 9.0
6 56 9.333333333333334
17 148 8.705882352941176
3 29 9.666666666666666
62 7 0.11290322580645161
9 86 9.555555555555555
84 84 1.0
20 179 8.95
134 15 0.11194029850746269
7 68 9.714285714285714
85 86 1.011764705882353
13 120 9.23076923076923
6 51 8.5
10 86 8.6
160 18 0.1125
16 143 8.9375
